0.000000 1.000000 0.000000 0.200000 0.500000 518957952.000000 525275072.000000 52037672960.000000 409809.645762
0.000000 2.000000 0.000000 0.200000 1.500000 565774144.000000 572452608.000000 56693096448.000000 416230.532713
0.000000 3.000000 0.000000 0.600000 0.500000 1507256576.000000 1541863424.000000 150905323520.000000 450926.115548
0.000000 4.000000 0.000000 0.600000 1.500000 1597402240.000000 1634514944.000000 159911870464.000000 457347.002499
0.000000 5.000000 1.000000 0.200000 0.500000 1000286592.000000 1009901120.000000 100182663168.000000 473722.404466
0.000000 6.000000 1.000000 0.200000 1.500000 1090584704.000000 1100834688.000000 109159211008.000000 498959.580450
0.000000 7.000000 1.000000 0.600000 0.500000 2908100352.000000 2970047488.000000 291027976192.000000 635329.919401
0.000000 8.000000 1.000000 0.600000 1.500000 3082378752.000000 3148991744.000000 308439810048.000000 660567.095385
0.000000 9.000000 2.000000 0.200000 0.500000 837254208.000000 845941824.000000 83875405824.000000 428353.676116
0.000000 10.000000 2.000000 0.200000 1.500000 912697024.000000 921955392.000000 91375452160.000000 440234.033790
0.000000 11.000000 2.000000 0.600000 0.500000 2432566016.000000 2486876160.000000 243460947968.000000 504430.138929
0.000000 12.000000 2.000000 0.600000 1.500000 2578054144.000000 2636419584.000000 257996685312.000000 516310.496603
